{
 "cells": [
  {
   "cell_type": "code",
   "execution_count": 1,
   "metadata": {},
   "outputs": [],
   "source": [
    "import pandas as pd\n",
    "distancedf = pd.read_csv('distance.csv')\n",
    "masterdf   = pd.read_csv('MasterSheet.csv')\n",
    "logdf = pd.read_csv(\"log.csv\")"
   ]
  },
  {
   "cell_type": "code",
   "execution_count": 2,
   "metadata": {},
   "outputs": [],
   "source": [
    "cscount  = len(masterdf.index)\n",
    "time     = 12\n",
    "reqcs    = 'CS_11'\n",
    "\n",
    "#make time, reqcs dynamic"
   ]
  },
  {
   "cell_type": "code",
   "execution_count": 3,
   "metadata": {},
   "outputs": [],
   "source": [
    "i=1\n",
    "flag=0\n",
    "while(i<=cscount):\n",
    "    cs = \"CS_\"+str(i)\n",
    "    if(cs!=reqcs):\n",
    "        df = pd.read_csv(\"cs_data\\\\\"+cs+\".csv\")\n",
    "        df.set_index('Hour', inplace=True)\n",
    "        df = df[df.index==time]\n",
    "        if(flag==0):\n",
    "            flag= 1\n",
    "            dff = df\n",
    "        else:\n",
    "            dff = dff.append(df)\n",
    "    i=i+1   \n",
    "\n",
    "#get datas corresponding to cs and time"
   ]
  },
  {
   "cell_type": "code",
   "execution_count": 4,
   "metadata": {},
   "outputs": [],
   "source": [
    "station = []\n",
    "temp_distance = 0\n",
    "for index, rows in masterdf.iterrows(): \n",
    "    s_list = rows.Station_ID\n",
    "    if(s_list!=reqcs):\n",
    "        station.append(s_list)    \n",
    "dff['Station'] = station\n",
    "dff['Distance'] = temp_distance\n",
    "dff.set_index('Station', inplace=True)\n",
    "\n",
    "#set stations and distance"
   ]
  },
  {
   "cell_type": "code",
   "execution_count": 5,
   "metadata": {},
   "outputs": [],
   "source": [
    "distance = distancedf[distancedf['L1'] == reqcs]\n",
    "\n",
    "#got the reqcs distance and list of other cs"
   ]
  },
  {
   "cell_type": "code",
   "execution_count": 6,
   "metadata": {},
   "outputs": [
    {
     "data": {
      "text/html": [
       "<div>\n",
       "<style scoped>\n",
       "    .dataframe tbody tr th:only-of-type {\n",
       "        vertical-align: middle;\n",
       "    }\n",
       "\n",
       "    .dataframe tbody tr th {\n",
       "        vertical-align: top;\n",
       "    }\n",
       "\n",
       "    .dataframe thead th {\n",
       "        text-align: right;\n",
       "    }\n",
       "</style>\n",
       "<table border=\"1\" class=\"dataframe\">\n",
       "  <thead>\n",
       "    <tr style=\"text-align: right;\">\n",
       "      <th></th>\n",
       "      <th>Energy</th>\n",
       "      <th>Predicted</th>\n",
       "      <th>Amount</th>\n",
       "      <th>Dirty_bit</th>\n",
       "      <th>Distance</th>\n",
       "    </tr>\n",
       "    <tr>\n",
       "      <th>Station</th>\n",
       "      <th></th>\n",
       "      <th></th>\n",
       "      <th></th>\n",
       "      <th></th>\n",
       "      <th></th>\n",
       "    </tr>\n",
       "  </thead>\n",
       "  <tbody>\n",
       "    <tr>\n",
       "      <td>CS_1</td>\n",
       "      <td>49</td>\n",
       "      <td>52.891820</td>\n",
       "      <td>3.891820</td>\n",
       "      <td>0</td>\n",
       "      <td>50</td>\n",
       "    </tr>\n",
       "    <tr>\n",
       "      <td>CS_2</td>\n",
       "      <td>81</td>\n",
       "      <td>85.394449</td>\n",
       "      <td>4.394449</td>\n",
       "      <td>0</td>\n",
       "      <td>53</td>\n",
       "    </tr>\n",
       "    <tr>\n",
       "      <td>CS_3</td>\n",
       "      <td>113</td>\n",
       "      <td>117.727388</td>\n",
       "      <td>4.727388</td>\n",
       "      <td>0</td>\n",
       "      <td>58</td>\n",
       "    </tr>\n",
       "    <tr>\n",
       "      <td>CS_4</td>\n",
       "      <td>118</td>\n",
       "      <td>122.770685</td>\n",
       "      <td>4.770685</td>\n",
       "      <td>0</td>\n",
       "      <td>59</td>\n",
       "    </tr>\n",
       "    <tr>\n",
       "      <td>CS_5</td>\n",
       "      <td>155</td>\n",
       "      <td>160.043425</td>\n",
       "      <td>5.043425</td>\n",
       "      <td>0</td>\n",
       "      <td>57</td>\n",
       "    </tr>\n",
       "    <tr>\n",
       "      <td>CS_6</td>\n",
       "      <td>143</td>\n",
       "      <td>147.962845</td>\n",
       "      <td>4.962845</td>\n",
       "      <td>0</td>\n",
       "      <td>79</td>\n",
       "    </tr>\n",
       "    <tr>\n",
       "      <td>CS_7</td>\n",
       "      <td>138</td>\n",
       "      <td>142.927254</td>\n",
       "      <td>4.927254</td>\n",
       "      <td>0</td>\n",
       "      <td>44</td>\n",
       "    </tr>\n",
       "    <tr>\n",
       "      <td>CS_8</td>\n",
       "      <td>121</td>\n",
       "      <td>125.795791</td>\n",
       "      <td>4.795791</td>\n",
       "      <td>0</td>\n",
       "      <td>46</td>\n",
       "    </tr>\n",
       "    <tr>\n",
       "      <td>CS_9</td>\n",
       "      <td>170</td>\n",
       "      <td>175.135798</td>\n",
       "      <td>5.135798</td>\n",
       "      <td>0</td>\n",
       "      <td>30</td>\n",
       "    </tr>\n",
       "    <tr>\n",
       "      <td>CS_10</td>\n",
       "      <td>156</td>\n",
       "      <td>161.049856</td>\n",
       "      <td>5.049856</td>\n",
       "      <td>0</td>\n",
       "      <td>21</td>\n",
       "    </tr>\n",
       "    <tr>\n",
       "      <td>CS_12</td>\n",
       "      <td>172</td>\n",
       "      <td>177.147494</td>\n",
       "      <td>5.147494</td>\n",
       "      <td>0</td>\n",
       "      <td>54</td>\n",
       "    </tr>\n",
       "    <tr>\n",
       "      <td>CS_13</td>\n",
       "      <td>115</td>\n",
       "      <td>119.744932</td>\n",
       "      <td>4.744932</td>\n",
       "      <td>0</td>\n",
       "      <td>49</td>\n",
       "    </tr>\n",
       "    <tr>\n",
       "      <td>CS_14</td>\n",
       "      <td>263</td>\n",
       "      <td>268.572154</td>\n",
       "      <td>5.572154</td>\n",
       "      <td>0</td>\n",
       "      <td>57</td>\n",
       "    </tr>\n",
       "  </tbody>\n",
       "</table>\n",
       "</div>"
      ],
      "text/plain": [
       "         Energy   Predicted    Amount  Dirty_bit  Distance\n",
       "Station                                                   \n",
       "CS_1         49   52.891820  3.891820          0        50\n",
       "CS_2         81   85.394449  4.394449          0        53\n",
       "CS_3        113  117.727388  4.727388          0        58\n",
       "CS_4        118  122.770685  4.770685          0        59\n",
       "CS_5        155  160.043425  5.043425          0        57\n",
       "CS_6        143  147.962845  4.962845          0        79\n",
       "CS_7        138  142.927254  4.927254          0        44\n",
       "CS_8        121  125.795791  4.795791          0        46\n",
       "CS_9        170  175.135798  5.135798          0        30\n",
       "CS_10       156  161.049856  5.049856          0        21\n",
       "CS_12       172  177.147494  5.147494          0        54\n",
       "CS_13       115  119.744932  4.744932          0        49\n",
       "CS_14       263  268.572154  5.572154          0        57"
      ]
     },
     "execution_count": 6,
     "metadata": {},
     "output_type": "execute_result"
    }
   ],
   "source": [
    "for indexa, rowsa in dff.iterrows(): \n",
    "    for indexb, rowsb in distance.iterrows():\n",
    "        if(indexa==rowsb.L2):\n",
    "            dff.at[indexa,'Distance']=distance.at[indexb,'Distance']\n",
    "            \n",
    "dff"
   ]
  },
  {
   "cell_type": "code",
   "execution_count": 7,
   "metadata": {},
   "outputs": [],
   "source": [
    "dff.to_csv('Analysis\\T'+str(time)+'.csv')\n",
    "\n",
    "#write time analysis"
   ]
  },
  {
   "cell_type": "code",
   "execution_count": 8,
   "metadata": {},
   "outputs": [
    {
     "data": {
      "text/html": [
       "<div>\n",
       "<style scoped>\n",
       "    .dataframe tbody tr th:only-of-type {\n",
       "        vertical-align: middle;\n",
       "    }\n",
       "\n",
       "    .dataframe tbody tr th {\n",
       "        vertical-align: top;\n",
       "    }\n",
       "\n",
       "    .dataframe thead th {\n",
       "        text-align: right;\n",
       "    }\n",
       "</style>\n",
       "<table border=\"1\" class=\"dataframe\">\n",
       "  <thead>\n",
       "    <tr style=\"text-align: right;\">\n",
       "      <th></th>\n",
       "      <th>Energy</th>\n",
       "      <th>Predicted</th>\n",
       "      <th>Amount</th>\n",
       "      <th>Dirty_bit</th>\n",
       "      <th>Distance</th>\n",
       "    </tr>\n",
       "    <tr>\n",
       "      <th>Station</th>\n",
       "      <th></th>\n",
       "      <th></th>\n",
       "      <th></th>\n",
       "      <th></th>\n",
       "      <th></th>\n",
       "    </tr>\n",
       "  </thead>\n",
       "  <tbody>\n",
       "    <tr>\n",
       "      <td>CS_1</td>\n",
       "      <td>49</td>\n",
       "      <td>52.891820</td>\n",
       "      <td>3.891820</td>\n",
       "      <td>0</td>\n",
       "      <td>50</td>\n",
       "    </tr>\n",
       "    <tr>\n",
       "      <td>CS_2</td>\n",
       "      <td>81</td>\n",
       "      <td>85.394449</td>\n",
       "      <td>4.394449</td>\n",
       "      <td>0</td>\n",
       "      <td>53</td>\n",
       "    </tr>\n",
       "    <tr>\n",
       "      <td>CS_3</td>\n",
       "      <td>113</td>\n",
       "      <td>117.727388</td>\n",
       "      <td>4.727388</td>\n",
       "      <td>0</td>\n",
       "      <td>58</td>\n",
       "    </tr>\n",
       "    <tr>\n",
       "      <td>CS_13</td>\n",
       "      <td>115</td>\n",
       "      <td>119.744932</td>\n",
       "      <td>4.744932</td>\n",
       "      <td>0</td>\n",
       "      <td>49</td>\n",
       "    </tr>\n",
       "    <tr>\n",
       "      <td>CS_4</td>\n",
       "      <td>118</td>\n",
       "      <td>122.770685</td>\n",
       "      <td>4.770685</td>\n",
       "      <td>0</td>\n",
       "      <td>59</td>\n",
       "    </tr>\n",
       "    <tr>\n",
       "      <td>CS_8</td>\n",
       "      <td>121</td>\n",
       "      <td>125.795791</td>\n",
       "      <td>4.795791</td>\n",
       "      <td>0</td>\n",
       "      <td>46</td>\n",
       "    </tr>\n",
       "    <tr>\n",
       "      <td>CS_7</td>\n",
       "      <td>138</td>\n",
       "      <td>142.927254</td>\n",
       "      <td>4.927254</td>\n",
       "      <td>0</td>\n",
       "      <td>44</td>\n",
       "    </tr>\n",
       "    <tr>\n",
       "      <td>CS_6</td>\n",
       "      <td>143</td>\n",
       "      <td>147.962845</td>\n",
       "      <td>4.962845</td>\n",
       "      <td>0</td>\n",
       "      <td>79</td>\n",
       "    </tr>\n",
       "    <tr>\n",
       "      <td>CS_5</td>\n",
       "      <td>155</td>\n",
       "      <td>160.043425</td>\n",
       "      <td>5.043425</td>\n",
       "      <td>0</td>\n",
       "      <td>57</td>\n",
       "    </tr>\n",
       "    <tr>\n",
       "      <td>CS_10</td>\n",
       "      <td>156</td>\n",
       "      <td>161.049856</td>\n",
       "      <td>5.049856</td>\n",
       "      <td>0</td>\n",
       "      <td>21</td>\n",
       "    </tr>\n",
       "    <tr>\n",
       "      <td>CS_9</td>\n",
       "      <td>170</td>\n",
       "      <td>175.135798</td>\n",
       "      <td>5.135798</td>\n",
       "      <td>0</td>\n",
       "      <td>30</td>\n",
       "    </tr>\n",
       "    <tr>\n",
       "      <td>CS_12</td>\n",
       "      <td>172</td>\n",
       "      <td>177.147494</td>\n",
       "      <td>5.147494</td>\n",
       "      <td>0</td>\n",
       "      <td>54</td>\n",
       "    </tr>\n",
       "    <tr>\n",
       "      <td>CS_14</td>\n",
       "      <td>263</td>\n",
       "      <td>268.572154</td>\n",
       "      <td>5.572154</td>\n",
       "      <td>0</td>\n",
       "      <td>57</td>\n",
       "    </tr>\n",
       "  </tbody>\n",
       "</table>\n",
       "</div>"
      ],
      "text/plain": [
       "         Energy   Predicted    Amount  Dirty_bit  Distance\n",
       "Station                                                   \n",
       "CS_1         49   52.891820  3.891820          0        50\n",
       "CS_2         81   85.394449  4.394449          0        53\n",
       "CS_3        113  117.727388  4.727388          0        58\n",
       "CS_13       115  119.744932  4.744932          0        49\n",
       "CS_4        118  122.770685  4.770685          0        59\n",
       "CS_8        121  125.795791  4.795791          0        46\n",
       "CS_7        138  142.927254  4.927254          0        44\n",
       "CS_6        143  147.962845  4.962845          0        79\n",
       "CS_5        155  160.043425  5.043425          0        57\n",
       "CS_10       156  161.049856  5.049856          0        21\n",
       "CS_9        170  175.135798  5.135798          0        30\n",
       "CS_12       172  177.147494  5.147494          0        54\n",
       "CS_14       263  268.572154  5.572154          0        57"
      ]
     },
     "execution_count": 8,
     "metadata": {},
     "output_type": "execute_result"
    }
   ],
   "source": [
    "dff.sort_values(\"Amount\", axis = 0, ascending = True, inplace = True)\n",
    "dff"
   ]
  },
  {
   "cell_type": "code",
   "execution_count": 9,
   "metadata": {},
   "outputs": [
    {
     "data": {
      "text/html": [
       "<div>\n",
       "<style scoped>\n",
       "    .dataframe tbody tr th:only-of-type {\n",
       "        vertical-align: middle;\n",
       "    }\n",
       "\n",
       "    .dataframe tbody tr th {\n",
       "        vertical-align: top;\n",
       "    }\n",
       "\n",
       "    .dataframe thead th {\n",
       "        text-align: right;\n",
       "    }\n",
       "</style>\n",
       "<table border=\"1\" class=\"dataframe\">\n",
       "  <thead>\n",
       "    <tr style=\"text-align: right;\">\n",
       "      <th></th>\n",
       "      <th>Energy</th>\n",
       "      <th>Predicted</th>\n",
       "      <th>Amount</th>\n",
       "      <th>Dirty_bit</th>\n",
       "      <th>Distance</th>\n",
       "    </tr>\n",
       "    <tr>\n",
       "      <th>Station</th>\n",
       "      <th></th>\n",
       "      <th></th>\n",
       "      <th></th>\n",
       "      <th></th>\n",
       "      <th></th>\n",
       "    </tr>\n",
       "  </thead>\n",
       "  <tbody>\n",
       "    <tr>\n",
       "      <td>CS_10</td>\n",
       "      <td>156</td>\n",
       "      <td>161.049856</td>\n",
       "      <td>5.049856</td>\n",
       "      <td>0</td>\n",
       "      <td>21</td>\n",
       "    </tr>\n",
       "    <tr>\n",
       "      <td>CS_9</td>\n",
       "      <td>170</td>\n",
       "      <td>175.135798</td>\n",
       "      <td>5.135798</td>\n",
       "      <td>0</td>\n",
       "      <td>30</td>\n",
       "    </tr>\n",
       "    <tr>\n",
       "      <td>CS_7</td>\n",
       "      <td>138</td>\n",
       "      <td>142.927254</td>\n",
       "      <td>4.927254</td>\n",
       "      <td>0</td>\n",
       "      <td>44</td>\n",
       "    </tr>\n",
       "    <tr>\n",
       "      <td>CS_8</td>\n",
       "      <td>121</td>\n",
       "      <td>125.795791</td>\n",
       "      <td>4.795791</td>\n",
       "      <td>0</td>\n",
       "      <td>46</td>\n",
       "    </tr>\n",
       "    <tr>\n",
       "      <td>CS_13</td>\n",
       "      <td>115</td>\n",
       "      <td>119.744932</td>\n",
       "      <td>4.744932</td>\n",
       "      <td>0</td>\n",
       "      <td>49</td>\n",
       "    </tr>\n",
       "    <tr>\n",
       "      <td>CS_1</td>\n",
       "      <td>49</td>\n",
       "      <td>52.891820</td>\n",
       "      <td>3.891820</td>\n",
       "      <td>0</td>\n",
       "      <td>50</td>\n",
       "    </tr>\n",
       "    <tr>\n",
       "      <td>CS_2</td>\n",
       "      <td>81</td>\n",
       "      <td>85.394449</td>\n",
       "      <td>4.394449</td>\n",
       "      <td>0</td>\n",
       "      <td>53</td>\n",
       "    </tr>\n",
       "    <tr>\n",
       "      <td>CS_12</td>\n",
       "      <td>172</td>\n",
       "      <td>177.147494</td>\n",
       "      <td>5.147494</td>\n",
       "      <td>0</td>\n",
       "      <td>54</td>\n",
       "    </tr>\n",
       "    <tr>\n",
       "      <td>CS_5</td>\n",
       "      <td>155</td>\n",
       "      <td>160.043425</td>\n",
       "      <td>5.043425</td>\n",
       "      <td>0</td>\n",
       "      <td>57</td>\n",
       "    </tr>\n",
       "    <tr>\n",
       "      <td>CS_14</td>\n",
       "      <td>263</td>\n",
       "      <td>268.572154</td>\n",
       "      <td>5.572154</td>\n",
       "      <td>0</td>\n",
       "      <td>57</td>\n",
       "    </tr>\n",
       "    <tr>\n",
       "      <td>CS_3</td>\n",
       "      <td>113</td>\n",
       "      <td>117.727388</td>\n",
       "      <td>4.727388</td>\n",
       "      <td>0</td>\n",
       "      <td>58</td>\n",
       "    </tr>\n",
       "    <tr>\n",
       "      <td>CS_4</td>\n",
       "      <td>118</td>\n",
       "      <td>122.770685</td>\n",
       "      <td>4.770685</td>\n",
       "      <td>0</td>\n",
       "      <td>59</td>\n",
       "    </tr>\n",
       "    <tr>\n",
       "      <td>CS_6</td>\n",
       "      <td>143</td>\n",
       "      <td>147.962845</td>\n",
       "      <td>4.962845</td>\n",
       "      <td>0</td>\n",
       "      <td>79</td>\n",
       "    </tr>\n",
       "  </tbody>\n",
       "</table>\n",
       "</div>"
      ],
      "text/plain": [
       "         Energy   Predicted    Amount  Dirty_bit  Distance\n",
       "Station                                                   \n",
       "CS_10       156  161.049856  5.049856          0        21\n",
       "CS_9        170  175.135798  5.135798          0        30\n",
       "CS_7        138  142.927254  4.927254          0        44\n",
       "CS_8        121  125.795791  4.795791          0        46\n",
       "CS_13       115  119.744932  4.744932          0        49\n",
       "CS_1         49   52.891820  3.891820          0        50\n",
       "CS_2         81   85.394449  4.394449          0        53\n",
       "CS_12       172  177.147494  5.147494          0        54\n",
       "CS_5        155  160.043425  5.043425          0        57\n",
       "CS_14       263  268.572154  5.572154          0        57\n",
       "CS_3        113  117.727388  4.727388          0        58\n",
       "CS_4        118  122.770685  4.770685          0        59\n",
       "CS_6        143  147.962845  4.962845          0        79"
      ]
     },
     "execution_count": 9,
     "metadata": {},
     "output_type": "execute_result"
    }
   ],
   "source": [
    "dff.sort_values(\"Distance\", axis = 0, ascending = True, inplace = True)\n",
    "dff"
   ]
  },
  {
   "cell_type": "code",
   "execution_count": 10,
   "metadata": {},
   "outputs": [
    {
     "data": {
      "text/html": [
       "<div>\n",
       "<style scoped>\n",
       "    .dataframe tbody tr th:only-of-type {\n",
       "        vertical-align: middle;\n",
       "    }\n",
       "\n",
       "    .dataframe tbody tr th {\n",
       "        vertical-align: top;\n",
       "    }\n",
       "\n",
       "    .dataframe thead th {\n",
       "        text-align: right;\n",
       "    }\n",
       "</style>\n",
       "<table border=\"1\" class=\"dataframe\">\n",
       "  <thead>\n",
       "    <tr style=\"text-align: right;\">\n",
       "      <th></th>\n",
       "      <th>Station</th>\n",
       "      <th>Energy</th>\n",
       "      <th>Predicted</th>\n",
       "      <th>Amount</th>\n",
       "      <th>Dirty_bit</th>\n",
       "      <th>Distance</th>\n",
       "    </tr>\n",
       "  </thead>\n",
       "  <tbody>\n",
       "    <tr>\n",
       "      <td>0</td>\n",
       "      <td>CS_10</td>\n",
       "      <td>156</td>\n",
       "      <td>161.049856</td>\n",
       "      <td>5.049856</td>\n",
       "      <td>0</td>\n",
       "      <td>21</td>\n",
       "    </tr>\n",
       "    <tr>\n",
       "      <td>1</td>\n",
       "      <td>CS_9</td>\n",
       "      <td>170</td>\n",
       "      <td>175.135798</td>\n",
       "      <td>5.135798</td>\n",
       "      <td>0</td>\n",
       "      <td>30</td>\n",
       "    </tr>\n",
       "    <tr>\n",
       "      <td>2</td>\n",
       "      <td>CS_7</td>\n",
       "      <td>138</td>\n",
       "      <td>142.927254</td>\n",
       "      <td>4.927254</td>\n",
       "      <td>0</td>\n",
       "      <td>44</td>\n",
       "    </tr>\n",
       "    <tr>\n",
       "      <td>3</td>\n",
       "      <td>CS_8</td>\n",
       "      <td>121</td>\n",
       "      <td>125.795791</td>\n",
       "      <td>4.795791</td>\n",
       "      <td>0</td>\n",
       "      <td>46</td>\n",
       "    </tr>\n",
       "    <tr>\n",
       "      <td>4</td>\n",
       "      <td>CS_13</td>\n",
       "      <td>115</td>\n",
       "      <td>119.744932</td>\n",
       "      <td>4.744932</td>\n",
       "      <td>0</td>\n",
       "      <td>49</td>\n",
       "    </tr>\n",
       "    <tr>\n",
       "      <td>5</td>\n",
       "      <td>CS_1</td>\n",
       "      <td>49</td>\n",
       "      <td>52.891820</td>\n",
       "      <td>3.891820</td>\n",
       "      <td>0</td>\n",
       "      <td>50</td>\n",
       "    </tr>\n",
       "    <tr>\n",
       "      <td>6</td>\n",
       "      <td>CS_2</td>\n",
       "      <td>81</td>\n",
       "      <td>85.394449</td>\n",
       "      <td>4.394449</td>\n",
       "      <td>0</td>\n",
       "      <td>53</td>\n",
       "    </tr>\n",
       "    <tr>\n",
       "      <td>7</td>\n",
       "      <td>CS_12</td>\n",
       "      <td>172</td>\n",
       "      <td>177.147494</td>\n",
       "      <td>5.147494</td>\n",
       "      <td>0</td>\n",
       "      <td>54</td>\n",
       "    </tr>\n",
       "    <tr>\n",
       "      <td>8</td>\n",
       "      <td>CS_5</td>\n",
       "      <td>155</td>\n",
       "      <td>160.043425</td>\n",
       "      <td>5.043425</td>\n",
       "      <td>0</td>\n",
       "      <td>57</td>\n",
       "    </tr>\n",
       "    <tr>\n",
       "      <td>9</td>\n",
       "      <td>CS_14</td>\n",
       "      <td>263</td>\n",
       "      <td>268.572154</td>\n",
       "      <td>5.572154</td>\n",
       "      <td>0</td>\n",
       "      <td>57</td>\n",
       "    </tr>\n",
       "    <tr>\n",
       "      <td>10</td>\n",
       "      <td>CS_3</td>\n",
       "      <td>113</td>\n",
       "      <td>117.727388</td>\n",
       "      <td>4.727388</td>\n",
       "      <td>0</td>\n",
       "      <td>58</td>\n",
       "    </tr>\n",
       "    <tr>\n",
       "      <td>11</td>\n",
       "      <td>CS_4</td>\n",
       "      <td>118</td>\n",
       "      <td>122.770685</td>\n",
       "      <td>4.770685</td>\n",
       "      <td>0</td>\n",
       "      <td>59</td>\n",
       "    </tr>\n",
       "    <tr>\n",
       "      <td>12</td>\n",
       "      <td>CS_6</td>\n",
       "      <td>143</td>\n",
       "      <td>147.962845</td>\n",
       "      <td>4.962845</td>\n",
       "      <td>0</td>\n",
       "      <td>79</td>\n",
       "    </tr>\n",
       "  </tbody>\n",
       "</table>\n",
       "</div>"
      ],
      "text/plain": [
       "   Station  Energy   Predicted    Amount  Dirty_bit  Distance\n",
       "0    CS_10     156  161.049856  5.049856          0        21\n",
       "1     CS_9     170  175.135798  5.135798          0        30\n",
       "2     CS_7     138  142.927254  4.927254          0        44\n",
       "3     CS_8     121  125.795791  4.795791          0        46\n",
       "4    CS_13     115  119.744932  4.744932          0        49\n",
       "5     CS_1      49   52.891820  3.891820          0        50\n",
       "6     CS_2      81   85.394449  4.394449          0        53\n",
       "7    CS_12     172  177.147494  5.147494          0        54\n",
       "8     CS_5     155  160.043425  5.043425          0        57\n",
       "9    CS_14     263  268.572154  5.572154          0        57\n",
       "10    CS_3     113  117.727388  4.727388          0        58\n",
       "11    CS_4     118  122.770685  4.770685          0        59\n",
       "12    CS_6     143  147.962845  4.962845          0        79"
      ]
     },
     "execution_count": 10,
     "metadata": {},
     "output_type": "execute_result"
    }
   ],
   "source": [
    "dff.sort_values(\"Dirty_bit\", axis = 0, ascending = True, inplace = True)\n",
    "dff = dff.reset_index()\n",
    "dff"
   ]
  },
  {
   "cell_type": "code",
   "execution_count": 11,
   "metadata": {},
   "outputs": [
    {
     "name": "stderr",
     "output_type": "stream",
     "text": [
      "C:\\ProgramData\\Anaconda3\\lib\\site-packages\\ipykernel_launcher.py:1: SettingWithCopyWarning: \n",
      "A value is trying to be set on a copy of a slice from a DataFrame\n",
      "\n",
      "See the caveats in the documentation: http://pandas.pydata.org/pandas-docs/stable/user_guide/indexing.html#returning-a-view-versus-a-copy\n",
      "  \"\"\"Entry point for launching an IPython kernel.\n"
     ]
    },
    {
     "data": {
      "text/html": [
       "<div>\n",
       "<style scoped>\n",
       "    .dataframe tbody tr th:only-of-type {\n",
       "        vertical-align: middle;\n",
       "    }\n",
       "\n",
       "    .dataframe tbody tr th {\n",
       "        vertical-align: top;\n",
       "    }\n",
       "\n",
       "    .dataframe thead th {\n",
       "        text-align: right;\n",
       "    }\n",
       "</style>\n",
       "<table border=\"1\" class=\"dataframe\">\n",
       "  <thead>\n",
       "    <tr style=\"text-align: right;\">\n",
       "      <th></th>\n",
       "      <th>Station</th>\n",
       "      <th>Energy</th>\n",
       "      <th>Predicted</th>\n",
       "      <th>Amount</th>\n",
       "      <th>Dirty_bit</th>\n",
       "      <th>Distance</th>\n",
       "    </tr>\n",
       "  </thead>\n",
       "  <tbody>\n",
       "    <tr>\n",
       "      <td>0</td>\n",
       "      <td>CS_10</td>\n",
       "      <td>156</td>\n",
       "      <td>161.049856</td>\n",
       "      <td>5.049856</td>\n",
       "      <td>1</td>\n",
       "      <td>21</td>\n",
       "    </tr>\n",
       "    <tr>\n",
       "      <td>1</td>\n",
       "      <td>CS_9</td>\n",
       "      <td>170</td>\n",
       "      <td>175.135798</td>\n",
       "      <td>5.135798</td>\n",
       "      <td>0</td>\n",
       "      <td>30</td>\n",
       "    </tr>\n",
       "    <tr>\n",
       "      <td>2</td>\n",
       "      <td>CS_7</td>\n",
       "      <td>138</td>\n",
       "      <td>142.927254</td>\n",
       "      <td>4.927254</td>\n",
       "      <td>0</td>\n",
       "      <td>44</td>\n",
       "    </tr>\n",
       "    <tr>\n",
       "      <td>3</td>\n",
       "      <td>CS_8</td>\n",
       "      <td>121</td>\n",
       "      <td>125.795791</td>\n",
       "      <td>4.795791</td>\n",
       "      <td>0</td>\n",
       "      <td>46</td>\n",
       "    </tr>\n",
       "    <tr>\n",
       "      <td>4</td>\n",
       "      <td>CS_13</td>\n",
       "      <td>115</td>\n",
       "      <td>119.744932</td>\n",
       "      <td>4.744932</td>\n",
       "      <td>0</td>\n",
       "      <td>49</td>\n",
       "    </tr>\n",
       "    <tr>\n",
       "      <td>5</td>\n",
       "      <td>CS_1</td>\n",
       "      <td>49</td>\n",
       "      <td>52.891820</td>\n",
       "      <td>3.891820</td>\n",
       "      <td>0</td>\n",
       "      <td>50</td>\n",
       "    </tr>\n",
       "    <tr>\n",
       "      <td>6</td>\n",
       "      <td>CS_2</td>\n",
       "      <td>81</td>\n",
       "      <td>85.394449</td>\n",
       "      <td>4.394449</td>\n",
       "      <td>0</td>\n",
       "      <td>53</td>\n",
       "    </tr>\n",
       "    <tr>\n",
       "      <td>7</td>\n",
       "      <td>CS_12</td>\n",
       "      <td>172</td>\n",
       "      <td>177.147494</td>\n",
       "      <td>5.147494</td>\n",
       "      <td>0</td>\n",
       "      <td>54</td>\n",
       "    </tr>\n",
       "    <tr>\n",
       "      <td>8</td>\n",
       "      <td>CS_5</td>\n",
       "      <td>155</td>\n",
       "      <td>160.043425</td>\n",
       "      <td>5.043425</td>\n",
       "      <td>0</td>\n",
       "      <td>57</td>\n",
       "    </tr>\n",
       "    <tr>\n",
       "      <td>9</td>\n",
       "      <td>CS_14</td>\n",
       "      <td>263</td>\n",
       "      <td>268.572154</td>\n",
       "      <td>5.572154</td>\n",
       "      <td>0</td>\n",
       "      <td>57</td>\n",
       "    </tr>\n",
       "    <tr>\n",
       "      <td>10</td>\n",
       "      <td>CS_3</td>\n",
       "      <td>113</td>\n",
       "      <td>117.727388</td>\n",
       "      <td>4.727388</td>\n",
       "      <td>0</td>\n",
       "      <td>58</td>\n",
       "    </tr>\n",
       "    <tr>\n",
       "      <td>11</td>\n",
       "      <td>CS_4</td>\n",
       "      <td>118</td>\n",
       "      <td>122.770685</td>\n",
       "      <td>4.770685</td>\n",
       "      <td>0</td>\n",
       "      <td>59</td>\n",
       "    </tr>\n",
       "    <tr>\n",
       "      <td>12</td>\n",
       "      <td>CS_6</td>\n",
       "      <td>143</td>\n",
       "      <td>147.962845</td>\n",
       "      <td>4.962845</td>\n",
       "      <td>0</td>\n",
       "      <td>79</td>\n",
       "    </tr>\n",
       "  </tbody>\n",
       "</table>\n",
       "</div>"
      ],
      "text/plain": [
       "   Station  Energy   Predicted    Amount  Dirty_bit  Distance\n",
       "0    CS_10     156  161.049856  5.049856          1        21\n",
       "1     CS_9     170  175.135798  5.135798          0        30\n",
       "2     CS_7     138  142.927254  4.927254          0        44\n",
       "3     CS_8     121  125.795791  4.795791          0        46\n",
       "4    CS_13     115  119.744932  4.744932          0        49\n",
       "5     CS_1      49   52.891820  3.891820          0        50\n",
       "6     CS_2      81   85.394449  4.394449          0        53\n",
       "7    CS_12     172  177.147494  5.147494          0        54\n",
       "8     CS_5     155  160.043425  5.043425          0        57\n",
       "9    CS_14     263  268.572154  5.572154          0        57\n",
       "10    CS_3     113  117.727388  4.727388          0        58\n",
       "11    CS_4     118  122.770685  4.770685          0        59\n",
       "12    CS_6     143  147.962845  4.962845          0        79"
      ]
     },
     "execution_count": 11,
     "metadata": {},
     "output_type": "execute_result"
    }
   ],
   "source": [
    "dff.Dirty_bit[0] = 1\n",
    "dff"
   ]
  },
  {
   "cell_type": "code",
   "execution_count": 12,
   "metadata": {},
   "outputs": [
    {
     "data": {
      "text/plain": [
       "'CS_10'"
      ]
     },
     "execution_count": 12,
     "metadata": {},
     "output_type": "execute_result"
    }
   ],
   "source": [
    "station = dff.at[0,'Station']\n",
    "station"
   ]
  },
  {
   "cell_type": "code",
   "execution_count": 13,
   "metadata": {},
   "outputs": [
    {
     "name": "stderr",
     "output_type": "stream",
     "text": [
      "C:\\ProgramData\\Anaconda3\\lib\\site-packages\\ipykernel_launcher.py:3: SettingWithCopyWarning: \n",
      "A value is trying to be set on a copy of a slice from a DataFrame\n",
      "\n",
      "See the caveats in the documentation: http://pandas.pydata.org/pandas-docs/stable/user_guide/indexing.html#returning-a-view-versus-a-copy\n",
      "  This is separate from the ipykernel package so we can avoid doing imports until\n"
     ]
    },
    {
     "data": {
      "text/html": [
       "<div>\n",
       "<style scoped>\n",
       "    .dataframe tbody tr th:only-of-type {\n",
       "        vertical-align: middle;\n",
       "    }\n",
       "\n",
       "    .dataframe tbody tr th {\n",
       "        vertical-align: top;\n",
       "    }\n",
       "\n",
       "    .dataframe thead th {\n",
       "        text-align: right;\n",
       "    }\n",
       "</style>\n",
       "<table border=\"1\" class=\"dataframe\">\n",
       "  <thead>\n",
       "    <tr style=\"text-align: right;\">\n",
       "      <th></th>\n",
       "      <th>Energy</th>\n",
       "      <th>Predicted</th>\n",
       "      <th>Amount</th>\n",
       "      <th>Dirty_bit</th>\n",
       "    </tr>\n",
       "    <tr>\n",
       "      <th>Hour</th>\n",
       "      <th></th>\n",
       "      <th></th>\n",
       "      <th></th>\n",
       "      <th></th>\n",
       "    </tr>\n",
       "  </thead>\n",
       "  <tbody>\n",
       "    <tr>\n",
       "      <td>1</td>\n",
       "      <td>146</td>\n",
       "      <td>150.983607</td>\n",
       "      <td>4.983607</td>\n",
       "      <td>0</td>\n",
       "    </tr>\n",
       "    <tr>\n",
       "      <td>2</td>\n",
       "      <td>102</td>\n",
       "      <td>106.624973</td>\n",
       "      <td>4.624973</td>\n",
       "      <td>0</td>\n",
       "    </tr>\n",
       "    <tr>\n",
       "      <td>3</td>\n",
       "      <td>161</td>\n",
       "      <td>166.081404</td>\n",
       "      <td>5.081404</td>\n",
       "      <td>0</td>\n",
       "    </tr>\n",
       "    <tr>\n",
       "      <td>4</td>\n",
       "      <td>71</td>\n",
       "      <td>75.262680</td>\n",
       "      <td>4.262680</td>\n",
       "      <td>0</td>\n",
       "    </tr>\n",
       "    <tr>\n",
       "      <td>5</td>\n",
       "      <td>97</td>\n",
       "      <td>101.574711</td>\n",
       "      <td>4.574711</td>\n",
       "      <td>0</td>\n",
       "    </tr>\n",
       "    <tr>\n",
       "      <td>6</td>\n",
       "      <td>122</td>\n",
       "      <td>126.804021</td>\n",
       "      <td>4.804021</td>\n",
       "      <td>0</td>\n",
       "    </tr>\n",
       "    <tr>\n",
       "      <td>7</td>\n",
       "      <td>196</td>\n",
       "      <td>201.278115</td>\n",
       "      <td>5.278115</td>\n",
       "      <td>0</td>\n",
       "    </tr>\n",
       "    <tr>\n",
       "      <td>8</td>\n",
       "      <td>88</td>\n",
       "      <td>92.477337</td>\n",
       "      <td>4.477337</td>\n",
       "      <td>0</td>\n",
       "    </tr>\n",
       "    <tr>\n",
       "      <td>9</td>\n",
       "      <td>107</td>\n",
       "      <td>111.672829</td>\n",
       "      <td>4.672829</td>\n",
       "      <td>0</td>\n",
       "    </tr>\n",
       "    <tr>\n",
       "      <td>10</td>\n",
       "      <td>198</td>\n",
       "      <td>203.288267</td>\n",
       "      <td>5.288267</td>\n",
       "      <td>0</td>\n",
       "    </tr>\n",
       "    <tr>\n",
       "      <td>11</td>\n",
       "      <td>133</td>\n",
       "      <td>137.890349</td>\n",
       "      <td>4.890349</td>\n",
       "      <td>0</td>\n",
       "    </tr>\n",
       "    <tr>\n",
       "      <td>12</td>\n",
       "      <td>156</td>\n",
       "      <td>161.049856</td>\n",
       "      <td>5.049856</td>\n",
       "      <td>1</td>\n",
       "    </tr>\n",
       "    <tr>\n",
       "      <td>13</td>\n",
       "      <td>171</td>\n",
       "      <td>176.141664</td>\n",
       "      <td>5.141664</td>\n",
       "      <td>0</td>\n",
       "    </tr>\n",
       "    <tr>\n",
       "      <td>14</td>\n",
       "      <td>115</td>\n",
       "      <td>119.744932</td>\n",
       "      <td>4.744932</td>\n",
       "      <td>0</td>\n",
       "    </tr>\n",
       "    <tr>\n",
       "      <td>15</td>\n",
       "      <td>155</td>\n",
       "      <td>160.043425</td>\n",
       "      <td>5.043425</td>\n",
       "      <td>0</td>\n",
       "    </tr>\n",
       "    <tr>\n",
       "      <td>16</td>\n",
       "      <td>152</td>\n",
       "      <td>157.023880</td>\n",
       "      <td>5.023881</td>\n",
       "      <td>0</td>\n",
       "    </tr>\n",
       "    <tr>\n",
       "      <td>17</td>\n",
       "      <td>152</td>\n",
       "      <td>157.023880</td>\n",
       "      <td>5.023881</td>\n",
       "      <td>0</td>\n",
       "    </tr>\n",
       "    <tr>\n",
       "      <td>18</td>\n",
       "      <td>127</td>\n",
       "      <td>131.844187</td>\n",
       "      <td>4.844187</td>\n",
       "      <td>0</td>\n",
       "    </tr>\n",
       "    <tr>\n",
       "      <td>19</td>\n",
       "      <td>119</td>\n",
       "      <td>123.779124</td>\n",
       "      <td>4.779123</td>\n",
       "      <td>0</td>\n",
       "    </tr>\n",
       "    <tr>\n",
       "      <td>20</td>\n",
       "      <td>78</td>\n",
       "      <td>82.356709</td>\n",
       "      <td>4.356709</td>\n",
       "      <td>0</td>\n",
       "    </tr>\n",
       "    <tr>\n",
       "      <td>21</td>\n",
       "      <td>114</td>\n",
       "      <td>118.736198</td>\n",
       "      <td>4.736198</td>\n",
       "      <td>0</td>\n",
       "    </tr>\n",
       "    <tr>\n",
       "      <td>22</td>\n",
       "      <td>106</td>\n",
       "      <td>110.663439</td>\n",
       "      <td>4.663439</td>\n",
       "      <td>0</td>\n",
       "    </tr>\n",
       "    <tr>\n",
       "      <td>23</td>\n",
       "      <td>166</td>\n",
       "      <td>171.111988</td>\n",
       "      <td>5.111988</td>\n",
       "      <td>0</td>\n",
       "    </tr>\n",
       "    <tr>\n",
       "      <td>24</td>\n",
       "      <td>149</td>\n",
       "      <td>154.003946</td>\n",
       "      <td>5.003946</td>\n",
       "      <td>0</td>\n",
       "    </tr>\n",
       "  </tbody>\n",
       "</table>\n",
       "</div>"
      ],
      "text/plain": [
       "      Energy   Predicted    Amount  Dirty_bit\n",
       "Hour                                         \n",
       "1        146  150.983607  4.983607          0\n",
       "2        102  106.624973  4.624973          0\n",
       "3        161  166.081404  5.081404          0\n",
       "4         71   75.262680  4.262680          0\n",
       "5         97  101.574711  4.574711          0\n",
       "6        122  126.804021  4.804021          0\n",
       "7        196  201.278115  5.278115          0\n",
       "8         88   92.477337  4.477337          0\n",
       "9        107  111.672829  4.672829          0\n",
       "10       198  203.288267  5.288267          0\n",
       "11       133  137.890349  4.890349          0\n",
       "12       156  161.049856  5.049856          1\n",
       "13       171  176.141664  5.141664          0\n",
       "14       115  119.744932  4.744932          0\n",
       "15       155  160.043425  5.043425          0\n",
       "16       152  157.023880  5.023881          0\n",
       "17       152  157.023880  5.023881          0\n",
       "18       127  131.844187  4.844187          0\n",
       "19       119  123.779124  4.779123          0\n",
       "20        78   82.356709  4.356709          0\n",
       "21       114  118.736198  4.736198          0\n",
       "22       106  110.663439  4.663439          0\n",
       "23       166  171.111988  5.111988          0\n",
       "24       149  154.003946  5.003946          0"
      ]
     },
     "execution_count": 13,
     "metadata": {},
     "output_type": "execute_result"
    }
   ],
   "source": [
    "reqdf = pd.read_csv(\"cs_data\\\\\"+reqcs+\".csv\")\n",
