{
 "cells": [
  {
   "cell_type": "code",
   "execution_count": 1,
   "metadata": {},
   "outputs": [],
   "source": [
    "import pandas as pd\n",
    "\n",
    "t=10"
   ]
  },
  {
   "cell_type": "code",
   "execution_count": 2,
   "metadata": {},
   "outputs": [],
   "source": [
    "logdf = pd.read_csv(\"log.csv\")\n",
    "df1 = pd.read_csv(\"Charging Stations\\CS_01.csv\")\n",
    "df2 = pd.read_csv(\"Charging Stations\\CS_02.csv\")\n",
    "df3 = pd.read_csv(\"Charging Stations\\CS_03.csv\")\n",
    "df4 = pd.read_csv(\"Charging Stations\\CS_04.csv\")\n",
    "df5 = pd.read_csv(\"Charging Stations\\CS_05.csv\")\n",
    "df6 = pd.read_csv(\"Charging Stations\\CS_06.csv\")\n",
    "df7 = pd.read_csv(\"Charging Stations\\CS_07.csv\")\n",
    "df8 = pd.read_csv(\"Charging Stations\\CS_08.csv\")\n",
    "df9 = pd.read_csv(\"Charging Stations\\CS_09.csv\")\n",
    "df10= pd.read_csv(\"Charging Stations\\CS_10.csv\")\n",
    "df11= pd.read_csv(\"Charging Stations\\CS_11.csv\")\n",
    "df12= pd.read_csv(\"Charging Stations\\CS_12.csv\")\n",
    "df13= pd.read_csv(\"Charging Stations\\CS_13.csv\")\n",
    "df14= pd.read_csv(\"Charging Stations\\CS_14.csv\")"
   ]
  },
  {
   "cell_type": "code",
   "execution_count": 3,
   "metadata": {},
   "outputs": [],
   "source": [
    "station = ['CS_01','CS_02','CS_03','CS_04','CS_05','CS_06','CS_07','CS_08','CS_09','CS_10','CS_11','CS_12','CS_13','CS_14']\n",
    "distance = ['05','12','19','40','02','09','04','16','20','24','90','45','44','60']"
   ]
  },
  {
   "cell_type": "code",
   "execution_count": 4,
   "metadata": {},
   "outputs": [],
   "source": [
    "df1.set_index('Hour', inplace=True)\n",
    "df2.set_index('Hour', inplace=True)\n",
    "df3.set_index('Hour', inplace=True)\n",
    "df4.set_index('Hour', inplace=True)\n",
    "df5.set_index('Hour', inplace=True)\n",
    "df6.set_index('Hour', inplace=True)\n",
    "df7.set_index('Hour', inplace=True)\n",
    "df8.set_index('Hour', inplace=True)\n",
    "df9.set_index('Hour', inplace=True)\n",
    "df10.set_index('Hour', inplace=True)\n",
    "df11.set_index('Hour', inplace=True)\n",
    "df12.set_index('Hour', inplace=True)\n",
    "df13.set_index('Hour', inplace=True)\n",
    "df14.set_index('Hour', inplace=True)"
   ]
  },
  {
   "cell_type": "code",
   "execution_count": 5,
   "metadata": {},
   "outputs": [],
   "source": [
    "df1 = df1[df1.index==t]\n",
    "df1\n",
    "\n",
    "dff = df1"
   ]
  },
  {
   "cell_type": "code",
   "execution_count": 6,
   "metadata": {},
   "outputs": [],
   "source": [
    "df2 = df2[df2.index==t]\n",
    "df2\n",
    "\n",
    "dff = dff.append(df2)"
   ]
  },
  {
   "cell_type": "code",
   "execution_count": 7,
   "metadata": {},
   "outputs": [],
   "source": [
    "df3 = df3[df3.index==t]\n",
    "df3\n",
    "\n",
    "dff = dff.append(df3)"
   ]
  },
  {
   "cell_type": "code",
   "execution_count": 8,
   "metadata": {},
   "outputs": [],
   "source": [
    "df4 = df4[df4.index==t]\n",
    "df4\n",
    "\n",
    "dff = dff.append(df4)"
   ]
  },
  {
   "cell_type": "code",
   "execution_count": 9,
   "metadata": {},
   "outputs": [],
   "source": [
    "df5 = df5[df5.index==t]\n",
    "df5\n",
    "\n",
    "dff = dff.append(df5)"
   ]
  },
  {
   "cell_type": "code",
   "execution_count": 10,
   "metadata": {},
   "outputs": [],
   "source": [
    "df6 = df6[df6.index==t]\n",
    "df6\n",
    "\n",
    "dff = dff.append(df6)"
   ]
  },
  {
   "cell_type": "code",
   "execution_count": 11,
   "metadata": {},
   "outputs": [],
   "source": [
    "df7 = df7[df7.index==t]\n",
    "df7\n",
    "\n",
    "dff = dff.append(df7)"
   ]
  },
  {
   "cell_type": "code",
   "execution_count": 12,
   "metadata": {},
   "outputs": [],
   "source": [
    "df8 = df8[df8.index==t]\n",
    "df8\n",
    "\n",
    "dff = dff.append(df8)"
   ]
  },
  {
   "cell_type": "code",
   "execution_count": 13,
   "metadata": {},
   "outputs": [],
   "source": [
    "df9 = df9[df9.index==t]\n",
    "df9\n",
    "\n",
    "dff = dff.append(df9)"
   ]
  },
  {
   "cell_type": "code",
   "execution_count": 14,
   "metadata": {},
   "outputs": [],
   "source": [
    "df10 = df10[df10.index==t]\n",
    "df10\n",
    "\n",
    "dff = dff.append(df10)"
   ]
  },
  {
   "cell_type": "code",
   "execution_count": 15,
   "metadata": {},
   "outputs": [],
   "source": [
    "df11 = df11[df11.index==t]\n",
    "df11\n",
    "\n",
    "dff = dff.append(df11)"
   ]
  },
  {
   "cell_type": "code",
   "execution_count": 16,
   "metadata": {},
   "outputs": [],
   "source": [
    "df12 = df12[df12.index==t]\n",
    "df12\n",
    "\n",
    "dff = dff.append(df12)"
   ]
  },
  {
   "cell_type": "code",
   "execution_count": 17,
   "metadata": {},
   "outputs": [],
   "source": [
    "df13 = df13[df13.index==t]\n",
    "df13\n",
    "\n",
    "dff = dff.append(df13)"
   ]
  },
  {
   "cell_type": "code",
   "execution_count": 18,
   "metadata": {},
   "outputs": [],
   "source": [
    "df14 = df14[df14.index==t]\n",
    "df14\n",
    "\n",
    "dff = dff.append(df14)"
   ]
  },
  {
   "cell_type": "code",
   "execution_count": 19,
   "metadata": {},
   "outputs": [],
   "source": [
    "dff['Station'] = station\n",
    "dff['Distance(km)'] = distance"
   ]
  },
  {
   "cell_type": "code",
   "execution_count": 20,
   "metadata": {},
   "outputs": [],
   "source": [
    "dff.set_index('Station', inplace=True)"
   ]
  },
  {
   "cell_type": "code",
   "execution_count": 28,
   "metadata": {},
   "outputs": [],
   "source": [
    "dff.to_csv('Analysis\\T1.csv')"
   ]
  },
  {
   "cell_type": "code",
   "execution_count": 22,
   "metadata": {},
   "outputs": [
    {
     "data": {
      "text/html": [
       "<div>\n",
       "<style scoped>\n",
       "    .dataframe tbody tr th:only-of-type {\n",
       "        vertical-align: middle;\n",
       "    }\n",
       "\n",
       "    .dataframe tbody tr th {\n",
       "        vertical-align: top;\n",
       "    }\n",
       "\n",
       "    .dataframe thead th {\n",
       "        text-align: right;\n",
       "    }\n",
       "</style>\n",
       "<table border=\"1\" class=\"dataframe\">\n",
       "  <thead>\n",
       "    <tr style=\"text-align: right;\">\n",
       "      <th></th>\n",
       "      <th>Energy</th>\n",
       "      <th>Predicted</th>\n",
       "      <th>Amount</th>\n",
       "      <th>Distance(km)</th>\n",
       "    </tr>\n",
       "    <tr>\n",
       "      <th>Station</th>\n",
       "      <th></th>\n",
       "      <th></th>\n",
       "      <th></th>\n",
       "      <th></th>\n",
       "    </tr>\n",
       "  </thead>\n",
       "  <tbody>\n",
       "    <tr>\n",
       "      <td>CS_01</td>\n",
       "      <td>56</td>\n",
       "      <td>60.025352</td>\n",
       "      <td>4.025352</td>\n",
       "      <td>05</td>\n",
       "    </tr>\n",
       "    <tr>\n",
       "      <td>CS_02</td>\n",
       "      <td>54</td>\n",
       "      <td>57.988984</td>\n",
       "      <td>3.988984</td>\n",
       "      <td>12</td>\n",
       "    </tr>\n",
       "    <tr>\n",
       "      <td>CS_03</td>\n",
       "      <td>160</td>\n",
       "      <td>165.075174</td>\n",
       "      <td>5.075174</td>\n",
       "      <td>19</td>\n",
       "    </tr>\n",
       "    <tr>\n",
       "      <td>CS_04</td>\n",
       "      <td>93</td>\n",
       "      <td>97.532599</td>\n",
       "      <td>4.532599</td>\n",
       "      <td>40</td>\n",
       "    </tr>\n",
       "    <tr>\n",
       "      <td>CS_05</td>\n",
       "      <td>86</td>\n",
       "      <td>90.454347</td>\n",
       "      <td>4.454347</td>\n",
       "      <td>02</td>\n",
       "    </tr>\n",
       "    <tr>\n",
       "      <td>CS_06</td>\n",
       "      <td>140</td>\n",
       "      <td>144.941642</td>\n",
       "      <td>4.941642</td>\n",
       "      <td>09</td>\n",
       "    </tr>\n",
       "    <tr>\n",
       "      <td>CS_07</td>\n",
       "      <td>132</td>\n",
       "      <td>136.882802</td>\n",
       "      <td>4.882802</td>\n",
       "      <td>04</td>\n",
       "    </tr>\n",
       "    <tr>\n",
       "      <td>CS_08</td>\n",
       "      <td>183</td>\n",
       "      <td>188.209486</td>\n",
       "      <td>5.209486</td>\n",
       "      <td>16</td>\n",
       "    </tr>\n",
       "    <tr>\n",
       "      <td>CS_09</td>\n",
       "      <td>89</td>\n",
       "      <td>93.488636</td>\n",
       "      <td>4.488636</td>\n",
       "      <td>20</td>\n",
       "    </tr>\n",
       "    <tr>\n",
       "      <td>CS_10</td>\n",
       "      <td>198</td>\n",
       "      <td>203.288267</td>\n",
       "      <td>5.288267</td>\n",
       "      <td>24</td>\n",
       "    </tr>\n",
       "    <tr>\n",
       "      <td>CS_11</td>\n",
       "      <td>153</td>\n",
       "      <td>158.030438</td>\n",
       "      <td>5.030438</td>\n",
       "      <td>90</td>\n",
       "    </tr>\n",
       "    <tr>\n",
       "      <td>CS_12</td>\n",
       "      <td>219</td>\n",
       "      <td>224.389072</td>\n",
       "      <td>5.389072</td>\n",
       "      <td>45</td>\n",
       "    </tr>\n",
       "    <tr>\n",
       "      <td>CS_13</td>\n",
       "      <td>107</td>\n",
       "      <td>111.672829</td>\n",
       "      <td>4.672829</td>\n",
       "      <td>44</td>\n",
       "    </tr>\n",
       "    <tr>\n",
       "      <td>CS_14</td>\n",
       "      <td>256</td>\n",
       "      <td>261.545177</td>\n",
       "      <td>5.545177</td>\n",
       "      <td>60</td>\n",
       "    </tr>\n",
       "  </tbody>\n",
       "</table>\n",
       "</div>"
      ],
      "text/plain": [
       "         Energy   Predicted    Amount Distance(km)\n",
       "Station                                           \n",
       "CS_01        56   60.025352  4.025352           05\n",
       "CS_02        54   57.988984  3.988984           12\n",
       "CS_03       160  165.075174  5.075174           19\n",
       "CS_04        93   97.532599  4.532599           40\n",
       "CS_05        86   90.454347  4.454347           02\n",
       "CS_06       140  144.941642  4.941642           09\n",
       "CS_07       132  136.882802  4.882802           04\n",
       "CS_08       183  188.209486  5.209486           16\n",
       "CS_09        89   93.488636  4.488636           20\n",
       "CS_10       198  203.288267  5.288267           24\n",
       "CS_11       153  158.030438  5.030438           90\n",
       "CS_12       219  224.389072  5.389072           45\n",
       "CS_13       107  111.672829  4.672829           44\n",
       "CS_14       256  261.545177  5.545177           60"
      ]
     },
     "execution_count": 22,
     "metadata": {},
     "output_type": "execute_result"
    }
   ],
   "source": [
    "dff"
   ]
  },
  {
   "cell_type": "code",
   "execution_count": 23,
   "metadata": {},
   "outputs": [
    {
     "data": {
      "text/html": [
       "<div>\n",
       "<style scoped>\n",
       "    .dataframe tbody tr th:only-of-type {\n",
       "        vertical-align: middle;\n",
       "    }\n",
       "\n",
       "    .dataframe tbody tr th {\n",
       "        vertical-align: top;\n",
       "    }\n",
       "\n",
       "    .dataframe thead th {\n",
       "        text-align: right;\n",
       "    }\n",
       "</style>\n",
       "<table border=\"1\" class=\"dataframe\">\n",
       "  <thead>\n",
       "    <tr style=\"text-align: right;\">\n",
       "      <th></th>\n",
       "      <th>Energy</th>\n",
       "      <th>Predicted</th>\n",
       "      <th>Amount</th>\n",
       "      <th>Distance(km)</th>\n",
       "    </tr>\n",
       "    <tr>\n",
       "      <th>Station</th>\n",
       "      <th></th>\n",
       "      <th></th>\n",
       "      <th></th>\n",
       "      <th></th>\n",
       "    </tr>\n",
       "  </thead>\n",
       "  <tbody>\n",
       "    <tr>\n",
       "      <td>CS_02</td>\n",
       "      <td>54</td>\n",
       "      <td>57.988984</td>\n",
       "      <td>3.988984</td>\n",
       "      <td>12</td>\n",
       "    </tr>\n",
       "    <tr>\n",
       "      <td>CS_01</td>\n",
       "      <td>56</td>\n",
       "      <td>60.025352</td>\n",
       "      <td>4.025352</td>\n",
       "      <td>05</td>\n",
       "    </tr>\n",
       "    <tr>\n",
       "      <td>CS_05</td>\n",
       "      <td>86</td>\n",
       "      <td>90.454347</td>\n",
       "      <td>4.454347</td>\n",
       "      <td>02</td>\n",
       "    </tr>\n",
       "    <tr>\n",
       "      <td>CS_09</td>\n",
       "      <td>89</td>\n",
       "      <td>93.488636</td>\n",
       "      <td>4.488636</td>\n",
       "      <td>20</td>\n",
       "    </tr>\n",
       "    <tr>\n",
       "      <td>CS_04</td>\n",
       "      <td>93</td>\n",
       "      <td>97.532599</td>\n",
       "      <td>4.532599</td>\n",
       "      <td>40</td>\n",
       "    </tr>\n",
       "    <tr>\n",
       "      <td>CS_13</td>\n",
       "      <td>107</td>\n",
       "      <td>111.672829</td>\n",
       "      <td>4.672829</td>\n",
       "      <td>44</td>\n",
       "    </tr>\n",
       "    <tr>\n",
       "      <td>CS_07</td>\n",
       "      <td>132</td>\n",
       "      <td>136.882802</td>\n",
       "      <td>4.882802</td>\n",
       "      <td>04</td>\n",
       "    </tr>\n",
       "    <tr>\n",
       "      <td>CS_06</td>\n",
       "      <td>140</td>\n",
       "      <td>144.941642</td>\n",
       "      <td>4.941642</td>\n",
       "      <td>09</td>\n",
       "    </tr>\n",
       "    <tr>\n",
       "      <td>CS_11</td>\n",
       "      <td>153</td>\n",
       "      <td>158.030438</td>\n",
       "      <td>5.030438</td>\n",
       "      <td>90</td>\n",
       "    </tr>\n",
       "    <tr>\n",
       "      <td>CS_03</td>\n",
       "      <td>160</td>\n",
       "      <td>165.075174</td>\n",
       "      <td>5.075174</td>\n",
       "      <td>19</td>\n",
       "    </tr>\n",
       "    <tr>\n",
       "      <td>CS_08</td>\n",
       "      <td>183</td>\n",
       "      <td>188.209486</td>\n",
       "      <td>5.209486</td>\n",
       "      <td>16</td>\n",
       "    </tr>\n",
       "    <tr>\n",
       "      <td>CS_10</td>\n",
       "      <td>198</td>\n",
       "      <td>203.288267</td>\n",
       "      <td>5.288267</td>\n",
       "      <td>24</td>\n",
       "    </tr>\n",
       "    <tr>\n",
       "      <td>CS_12</td>\n",
       "      <td>219</td>\n",
       "      <td>224.389072</td>\n",
       "      <td>5.389072</td>\n",
       "      <td>45</td>\n",
       "    </tr>\n",
       "    <tr>\n",
       "      <td>CS_14</td>\n",
       "      <td>256</td>\n",
       "      <td>261.545177</td>\n",
       "      <td>5.545177</td>\n",
       "      <td>60</td>\n",
       "    </tr>\n",
       "  </tbody>\n",
       "</table>\n",
       "</div>"
      ],
      "text/plain": [
       "         Energy   Predicted    Amount Distance(km)\n",
       "Station                                           \n",
       "CS_02        54   57.988984  3.988984           12\n",
       "CS_01        56   60.025352  4.025352           05\n",
       "CS_05        86   90.454347  4.454347           02\n",
       "CS_09        89   93.488636  4.488636           20\n",
       "CS_04        93   97.532599  4.532599           40\n",
       "CS_13       107  111.672829  4.672829           44\n",
       "CS_07       132  136.882802  4.882802           04\n",
       "CS_06       140  144.941642  4.941642           09\n",
       "CS_11       153  158.030438  5.030438           90\n",
       "CS_03       160  165.075174  5.075174           19\n",
       "CS_08       183  188.209486  5.209486           16\n",
       "CS_10       198  203.288267  5.288267           24\n",
       "CS_12       219  224.389072  5.389072           45\n",
       "CS_14       256  261.545177  5.545177           60"
      ]
     },
     "execution_count": 23,
     "metadata": {},
     "output_type": "execute_result"
    }
   ],
   "source": [
    "dff.sort_values(\"Amount\", axis = 0, ascending = True, inplace = True)\n",
    "dff"
   ]
  },
  {
   "cell_type": "code",
   "execution_count": 24,
   "metadata": {},
   "outputs": [
    {
     "data": {
      "text/html": [
       "<div>\n",
       "<style scoped>\n",
       "    .dataframe tbody tr th:only-of-type {\n",
       "        vertical-align: middle;\n",
       "    }\n",
       "\n",
       "    .dataframe tbody tr th {\n",
       "        vertical-align: top;\n",
       "    }\n",
       "\n",
       "    .dataframe thead th {\n",
       "        text-align: right;\n",
       "    }\n",
       "</style>\n",
       "<table border=\"1\" class=\"dataframe\">\n",
       "  <thead>\n",
       "    <tr style=\"text-align: right;\">\n",
       "      <th></th>\n",
       "      <th>Station</th>\n",
       "      <th>Energy</th>\n",
       "      <th>Predicted</th>\n",
       "      <th>Amount</th>\n",
       "      <th>Distance(km)</th>\n",
       "    </tr>\n",
       "  </thead>\n",
       "  <tbody>\n",
       "    <tr>\n",
       "      <td>0</td>\n",
       "      <td>CS_05</td>\n",
       "      <td>86</td>\n",
       "      <td>90.454347</td>\n",
       "      <td>4.454347</td>\n",
       "      <td>02</td>\n",
       "    </tr>\n",
       "    <tr>\n",
       "      <td>1</td>\n",
       "      <td>CS_07</td>\n",
       "      <td>132</td>\n",
       "      <td>136.882802</td>\n",
       "      <td>4.882802</td>\n",
       "      <td>04</td>\n",
       "    </tr>\n",
       "    <tr>\n",
       "      <td>2</td>\n",
       "      <td>CS_01</td>\n",
       "      <td>56</td>\n",
       "      <td>60.025352</td>\n",
       "      <td>4.025352</td>\n",
       "      <td>05</td>\n",
       "    </tr>\n",
       "    <tr>\n",
       "      <td>3</td>\n",
       "      <td>CS_06</td>\n",
       "      <td>140</td>\n",
       "      <td>144.941642</td>\n",
       "      <td>4.941642</td>\n",
       "      <td>09</td>\n",
       "    </tr>\n",
       "    <tr>\n",
       "      <td>4</td>\n",
       "      <td>CS_02</td>\n",
       "      <td>54</td>\n",
       "      <td>57.988984</td>\n",
       "      <td>3.988984</td>\n",
       "      <td>12</td>\n",
       "    </tr>\n",
       "    <tr>\n",
       "      <td>5</td>\n",
       "      <td>CS_08</td>\n",
       "      <td>183</td>\n",
       "      <td>188.209486</td>\n",
       "      <td>5.209486</td>\n",
       "      <td>16</td>\n",
       "    </tr>\n",
       "    <tr>\n",
       "      <td>6</td>\n",
       "      <td>CS_03</td>\n",
       "      <td>160</td>\n",
       "      <td>165.075174</td>\n",
       "      <td>5.075174</td>\n",
       "      <td>19</td>\n",
       "    </tr>\n",
       "    <tr>\n",
       "      <td>7</td>\n",
       "      <td>CS_09</td>\n",
       "      <td>89</td>\n",
       "      <td>93.488636</td>\n",
       "      <td>4.488636</td>\n",
       "      <td>20</td>\n",
       "    </tr>\n",
       "    <tr>\n",
       "      <td>8</td>\n",
       "      <td>CS_10</td>\n",
       "      <td>198</td>\n",
       "      <td>203.288267</td>\n",
       "      <td>5.288267</td>\n",
       "      <td>24</td>\n",
       "    </tr>\n",
       "    <tr>\n",
       "      <td>9</td>\n",
       "      <td>CS_04</td>\n",
       "      <td>93</td>\n",
       "      <td>97.532599</td>\n",
       "      <td>4.532599</td>\n",
       "      <td>40</td>\n",
       "    </tr>\n",
       "    <tr>\n",
       "      <td>10</td>\n",
       "      <td>CS_13</td>\n",
       "      <td>107</td>\n",
       "      <td>111.672829</td>\n",
       "      <td>4.672829</td>\n",
       "      <td>44</td>\n",
       "    </tr>\n",
       "    <tr>\n",
       "      <td>11</td>\n",
       "      <td>CS_12</td>\n",
       "      <td>219</td>\n",
       "      <td>224.389072</td>\n",
       "      <td>5.389072</td>\n",
       "      <td>45</td>\n",
       "    </tr>\n",
       "    <tr>\n",
       "      <td>12</td>\n",
       "      <td>CS_14</td>\n",
       "      <td>256</td>\n",
       "      <td>261.545177</td>\n",
       "      <td>5.545177</td>\n",
       "      <td>60</td>\n",
       "    </tr>\n",
       "    <tr>\n",
       "      <td>13</td>\n",
       "      <td>CS_11</td>\n",
       "      <td>153</td>\n",
       "      <td>158.030438</td>\n",
       "      <td>5.030438</td>\n",
       "      <td>90</td>\n",
       "    </tr>\n",
       "  </tbody>\n",
       "</table>\n",
       "</div>"
      ],
      "text/plain": [
       "   Station  Energy   Predicted    Amount Distance(km)\n",
       "0    CS_05      86   90.454347  4.454347           02\n",
       "1    CS_07     132  136.882802  4.882802           04\n",
       "2    CS_01      56   60.025352  4.025352           05\n",
       "3    CS_06     140  144.941642  4.941642           09\n",
       "4    CS_02      54   57.988984  3.988984           12\n",
       "5    CS_08     183  188.209486  5.209486           16\n",
       "6    CS_03     160  165.075174  5.075174           19\n",
       "7    CS_09      89   93.488636  4.488636           20\n",
       "8    CS_10     198  203.288267  5.288267           24\n",
       "9    CS_04      93   97.532599  4.532599           40\n",
       "10   CS_13     107  111.672829  4.672829           44\n",
       "11   CS_12     219  224.389072  5.389072           45\n",
       "12   CS_14     256  261.545177  5.545177           60\n",
       "13   CS_11     153  158.030438  5.030438           90"
      ]
     },
     "execution_count": 24,
     "metadata": {},
     "output_type": "execute_result"
    }
   ],
   "source": [
    "dff.sort_values(\"Distance(km)\", axis = 0, ascending = True, inplace = True)\n",
    "dff = dff.reset_index()\n",
    "dff"
   ]
  },
  {
   "cell_type": "code",
   "execution_count": 25,
   "metadata": {},
   "outputs": [
    {
     "data": {
      "text/plain": [
       "'CS_05'"
      ]
     },
     "execution_count": 25,
     "metadata": {},
     "output_type": "execute_result"
    }
   ],
   "source": [
    "station = dff.at[0,'Station']\n",
    "station"
   ]
  },
  {
   "cell_type": "code",
   "execution_count": 26,
   "metadata": {},
   "outputs": [
    {
     "data": {
      "text/html": [
       "<div>\n",
       "<style scoped>\n",
       "    .dataframe tbody tr th:only-of-type {\n",
       "        vertical-align: middle;\n",
       "    }\n",
       "\n",
       "    .dataframe tbody tr th {\n",
       "        vertical-align: top;\n",
       "    }\n",
       "\n",
       "    .dataframe thead th {\n",
       "        text-align: right;\n",
       "    }\n",
       "</style>\n",
       "<table border=\"1\" class=\"dataframe\">\n",
       "  <thead>\n",
       "    <tr style=\"text-align: right;\">\n",
       "      <th></th>\n",
       "      <th>Req Cs</th>\n",
       "      <th>From CS</th>\n",
       "    </tr>\n",
       "    <tr>\n",
       "      <th>Time</th>\n",
       "      <th></th>\n",
       "      <th></th>\n",
       "    </tr>\n",
       "  </thead>\n",
       "  <tbody>\n",
       "    <tr>\n",
       "      <td>10</td>\n",
       "      <td>CS_01</td>\n",
       "      <td>CS_05</td>\n",
       "    </tr>\n",
       "  </tbody>\n",
       "</table>\n",
       "</div>"
      ],
      "text/plain": [
       "     Req Cs From CS\n",
       "Time               \n",
       "10    CS_01   CS_05"
      ]
     },
     "execution_count": 26,
     "metadata": {},
     "output_type": "execute_result"
    }
   ],
   "source": [
    "log = {'Time':[t],'Req Cs':['CS_00'],'From CS':[station]}\n",
    "logdf = pd.DataFrame(log)\n",
    "logdf.set_index('Time', inplace=True)\n",
    "logdf"
   ]
  },
  {
   "cell_type": "code",
   "execution_count": 27,
   "metadata": {},
   "outputs": [],
   "source": [
    "logdf.to_csv('log.csv', mode='a', header=False)"
   ]
  },
  {
   "cell_type": "code",
   "execution_count": null,
   "metadata": {},
   "outputs": [],
   "source": []
  },
  {
   "cell_type": "code",
   "execution_count": null,
   "metadata": {},
   "outputs": [],
   "source": []
  },
  {
   "cell_type": "code",
   "execution_count": null,
   "metadata": {},
   "outputs": [],
   "source": []
  },
  {
   "cell_type": "code",
   "execution_count": null,
   "metadata": {},
   "outputs": [],
   "source": []
  }
 ],
 "metadata": {
  "kernelspec": {
   "display_name": "Python 3",
   "language": "python",
   "name": "python3"
  },
  "language_info": {
   "codemirror_mode": {
    "name": "ipython",
    "version": 3
   },
   "file_extension": ".py",
   "mimetype": "text/x-python",
   "name": "python",
   "nbconvert_exporter": "python",
   "pygments_lexer": "ipython3",
   "version": "3.7.4"
  }
 },
 "nbformat": 4,
 "nbformat_minor": 4
}
