{
 "cells": [
  {
   "cell_type": "code",
   "execution_count": 1,
   "metadata": {},
   "outputs": [],
   "source": [
    "import pandas as pd\n",
    "distancedf = pd.read_csv('distance.csv')\n",
    "masterdf   = pd.read_csv('MasterSheet.csv')\n",
    "logdf = pd.read_csv(\"log.csv\")"
   ]
  },
  {
   "cell_type": "code",
   "execution_count": 2,
   "metadata": {},
   "outputs": [],
   "source": [
    "cscount  = len(masterdf.index)\n",
    "time     = 12\n",
    "reqcs    = 'CS_11'\n",
    "\n",
    "#make time, reqcs dynamic"
   ]
  },
  {
   "cell_type": "code",
   "execution_count": 3,
   "metadata": {},
   "outputs": [],
   "source": [
    "i=1\n",
    "flag=0\n",
    "while(i<=cscount):\n",
    "    cs = \"CS_\"+str(i)\n",
    "    if(cs!=reqcs):\n",
    "        df = pd.read_csv(\"cs_data\\\\\"+cs+\".csv\")\n",
    "        df.set_index('Hour', inplace=True)\n",
    "        df = df[df.index==time]\n",
    "        if(flag==0):\n",
    "            flag= 1\n",
    "            dff = df\n",
    "        else:\n",
    "            dff = dff.append(df)\n",
    "    i=i+1   \n",
    "\n",
    "#get datas corresponding to cs and time"
   ]
  },
  {
   "cell_type": "code",
   "execution_count": 4,
   "metadata": {},
   "outputs": [],
   "source": [
    "station = []\n",
    "temp_distance = 0\n",
    "for index, rows in masterdf.iterrows(): \n",
    "    s_list = rows.Station_ID\n",
    "    if(s_list!=reqcs):\n",
    "        station.append(s_list)    \n",
    "dff['Station'] = station\n",
    "dff['Distance'] = temp_distance\n",
    "dff.set_index('Station', inplace=True)\n",
    "\n",
    "#set stations and distance"
   ]
  },
  {
   "cell_type": "code",
   "execution_count": 5,
   "metadata": {},
   "outputs": [],
   "source": [
    "distance = distancedf[distancedf['L1'] == reqcs]\n",
    "\n",
    "#got the reqcs distance and list of other cs"
   ]
  },
  {
   "cell_type": "code",
   "execution_count": 6,
   "metadata": {},
   "outputs": [
    {
     "data": {
      "text/html": [
       "<div>\n",
       "<style scoped>\n",
       "    .dataframe tbody tr th:only-of-type {\n",
       "        vertical-align: middle;\n",
       "    }\n",
       "\n",
       "    .dataframe tbody tr th {\n",
       "        vertical-align: top;\n",
       "    }\n",
       "\n",
       "    .dataframe thead th {\n",
       "        text-align: right;\n",
       "    }\n",
       "</style>\n",
       "<table border=\"1\" class=\"dataframe\">\n",
       "  <thead>\n",
       "    <tr style=\"text-align: right;\">\n",
       "      <th></th>\n",
       "      <th>Energy</th>\n",
       "      <th>Predicted</th>\n",
       "      <th>Amount</th>\n",
       "      <th>Distance</th>\n",
       "    </tr>\n",
       "    <tr>\n",
       "      <th>Station</th>\n",
       "      <th></th>\n",
       "      <th></th>\n",
       "      <th></th>\n",
       "      <th></th>\n",
       "    </tr>\n",
       "  </thead>\n",
       "  <tbody>\n",
       "    <tr>\n",
       "      <td>CS_1</td>\n",
       "      <td>49</td>\n",
       "      <td>52.891820</td>\n",
       "      <td>3.891820</td>\n",
       "      <td>50</td>\n",
       "    </tr>\n",
       "    <tr>\n",
       "      <td>CS_2</td>\n",
       "      <td>81</td>\n",
       "      <td>85.394449</td>\n",
       "      <td>4.394449</td>\n",
       "      <td>53</td>\n",
       "    </tr>\n",
       "    <tr>\n",
       "      <td>CS_3</td>\n",
       "      <td>113</td>\n",
       "      <td>117.727388</td>\n",
       "      <td>4.727388</td>\n",
       "      <td>58</td>\n",
       "    </tr>\n",
       "    <tr>\n",
       "      <td>CS_4</td>\n",
       "      <td>118</td>\n",
       "      <td>122.770685</td>\n",
       "      <td>4.770685</td>\n",
       "      <td>59</td>\n",
       "    </tr>\n",
       "    <tr>\n",
       "      <td>CS_5</td>\n",
       "      <td>155</td>\n",
       "      <td>160.043425</td>\n",
       "      <td>5.043425</td>\n",
       "      <td>57</td>\n",
       "    </tr>\n",
       "    <tr>\n",
       "      <td>CS_6</td>\n",
       "      <td>143</td>\n",
       "      <td>147.962845</td>\n",
       "      <td>4.962845</td>\n",
       "      <td>79</td>\n",
       "    </tr>\n",
       "    <tr>\n",
       "      <td>CS_7</td>\n",
       "      <td>138</td>\n",
       "      <td>142.927254</td>\n",
       "      <td>4.927254</td>\n",
       "      <td>44</td>\n",
       "    </tr>\n",
       "    <tr>\n",
       "      <td>CS_8</td>\n",
       "      <td>121</td>\n",
       "      <td>125.795791</td>\n",
       "      <td>4.795791</td>\n",
       "      <td>46</td>\n",
       "    </tr>\n",
       "    <tr>\n",
       "      <td>CS_9</td>\n",
       "      <td>170</td>\n",
       "      <td>175.135798</td>\n",
       "      <td>5.135798</td>\n",
       "      <td>30</td>\n",
       "    </tr>\n",
       "    <tr>\n",
       "      <td>CS_10</td>\n",
       "      <td>156</td>\n",
       "      <td>161.049856</td>\n",
       "      <td>5.049856</td>\n",
       "      <td>21</td>\n",
       "    </tr>\n",
       "    <tr>\n",
       "      <td>CS_12</td>\n",
       "      <td>172</td>\n",
       "      <td>177.147494</td>\n",
       "      <td>5.147494</td>\n",
       "      <td>54</td>\n",
       "    </tr>\n",
       "    <tr>\n",
       "      <td>CS_13</td>\n",
       "      <td>115</td>\n",
       "      <td>119.744932</td>\n",
       "      <td>4.744932</td>\n",
       "      <td>49</td>\n",
       "    </tr>\n",
       "    <tr>\n",
       "      <td>CS_14</td>\n",
       "      <td>263</td>\n",
       "      <td>268.572154</td>\n",
       "      <td>5.572154</td>\n",
       "      <td>57</td>\n",
       "    </tr>\n",
       "  </tbody>\n",
       "</table>\n",
       "</div>"
      ],
      "text/plain": [
       "         Energy   Predicted    Amount  Distance\n",
       "Station                                        \n",
       "CS_1         49   52.891820  3.891820        50\n",
       "CS_2         81   85.394449  4.394449        53\n",
       "CS_3        113  117.727388  4.727388        58\n",
       "CS_4        118  122.770685  4.770685        59\n",
       "CS_5        155  160.043425  5.043425        57\n",
       "CS_6        143  147.962845  4.962845        79\n",
       "CS_7        138  142.927254  4.927254        44\n",
       "CS_8        121  125.795791  4.795791        46\n",
       "CS_9        170  175.135798  5.135798        30\n",
       "CS_10       156  161.049856  5.049856        21\n",
       "CS_12       172  177.147494  5.147494        54\n",
       "CS_13       115  119.744932  4.744932        49\n",
       "CS_14       263  268.572154  5.572154        57"
      ]
     },
     "execution_count": 6,
     "metadata": {},
     "output_type": "execute_result"
    }
   ],
   "source": [
    "for indexa, rowsa in dff.iterrows(): \n",
    "    for indexb, rowsb in distance.iterrows():\n",
    "        if(indexa==rowsb.L2):\n",
    "            dff.at[indexa,'Distance']=distance.at[indexb,'Distance']\n",
    "            \n",
    "dff"
   ]
  },
  {
   "cell_type": "code",
   "execution_count": 7,
   "metadata": {},
   "outputs": [],
   "source": [
    "dff.to_csv('Analysis\\T'+str(time)+'.csv')\n",
    "\n",
    "#write time analysis"
   ]
  },
  {
   "cell_type": "code",
   "execution_count": 8,
   "metadata": {},
   "outputs": [
    {
     "data": {
      "text/html": [
       "<div>\n",
       "<style scoped>\n",
       "    .dataframe tbody tr th:only-of-type {\n",
       "        vertical-align: middle;\n",
       "    }\n",
       "\n",
       "    .dataframe tbody tr th {\n",
       "        vertical-align: top;\n",
       "    }\n",
       "\n",
       "    .dataframe thead th {\n",
       "        text-align: right;\n",
       "    }\n",
       "</style>\n",
       "<table border=\"1\" class=\"dataframe\">\n",
       "  <thead>\n",
       "    <tr style=\"text-align: right;\">\n",
       "      <th></th>\n",
       "      <th>Energy</th>\n",
       "      <th>Predicted</th>\n",
       "      <th>Amount</th>\n",
       "      <th>Distance</th>\n",
       "    </tr>\n",
       "    <tr>\n",
       "      <th>Station</th>\n",
       "      <th></th>\n",
       "      <th></th>\n",
       "      <th></th>\n",
       "      <th></th>\n",
       "    </tr>\n",
       "  </thead>\n",
       "  <tbody>\n",
       "    <tr>\n",
       "      <td>CS_1</td>\n",
       "      <td>49</td>\n",
       "      <td>52.891820</td>\n",
       "      <td>3.891820</td>\n",
       "      <td>50</td>\n",
       "    </tr>\n",
       "    <tr>\n",
       "      <td>CS_2</td>\n",
       "      <td>81</td>\n",
       "      <td>85.394449</td>\n",
       "      <td>4.394449</td>\n",
       "      <td>53</td>\n",
       "    </tr>\n",
       "    <tr>\n",
       "      <td>CS_3</td>\n",
       "      <td>113</td>\n",
       "      <td>117.727388</td>\n",
       "      <td>4.727388</td>\n",
       "      <td>58</td>\n",
       "    </tr>\n",
       "    <tr>\n",
       "      <td>CS_13</td>\n",
       "      <td>115</td>\n",
       "      <td>119.744932</td>\n",
       "      <td>4.744932</td>\n",
       "      <td>49</td>\n",
       "    </tr>\n",
       "    <tr>\n",
       "      <td>CS_4</td>\n",
       "      <td>118</td>\n",
       "      <td>122.770685</td>\n",
       "      <td>4.770685</td>\n",
       "      <td>59</td>\n",
       "    </tr>\n",
       "    <tr>\n",
       "      <td>CS_8</td>\n",
       "      <td>121</td>\n",
       "      <td>125.795791</td>\n",
       "      <td>4.795791</td>\n",
       "      <td>46</td>\n",
       "    </tr>\n",
       "    <tr>\n",
       "      <td>CS_7</td>\n",
       "      <td>138</td>\n",
       "      <td>142.927254</td>\n",
       "      <td>4.927254</td>\n",
       "      <td>44</td>\n",
       "    </tr>\n",
       "    <tr>\n",
       "      <td>CS_6</td>\n",
       "      <td>143</td>\n",
       "      <td>147.962845</td>\n",
       "      <td>4.962845</td>\n",
       "      <td>79</td>\n",
       "    </tr>\n",
       "    <tr>\n",
       "      <td>CS_5</td>\n",
       "      <td>155</td>\n",
       "      <td>160.043425</td>\n",
       "      <td>5.043425</td>\n",
       "      <td>57</td>\n",
       "    </tr>\n",
       "    <tr>\n",
       "      <td>CS_10</td>\n",
       "      <td>156</td>\n",
       "      <td>161.049856</td>\n",
       "      <td>5.049856</td>\n",
       "      <td>21</td>\n",
       "    </tr>\n",
       "    <tr>\n",
       "      <td>CS_9</td>\n",
       "      <td>170</td>\n",
       "      <td>175.135798</td>\n",
       "      <td>5.135798</td>\n",
       "      <td>30</td>\n",
       "    </tr>\n",
       "    <tr>\n",
       "      <td>CS_12</td>\n",
       "      <td>172</td>\n",
       "      <td>177.147494</td>\n",
       "      <td>5.147494</td>\n",
       "      <td>54</td>\n",
       "    </tr>\n",
       "    <tr>\n",
       "      <td>CS_14</td>\n",
       "      <td>263</td>\n",
       "      <td>268.572154</td>\n",
       "      <td>5.572154</td>\n",
       "      <td>57</td>\n",
       "    </tr>\n",
       "  </tbody>\n",
       "</table>\n",
       "</div>"
      ],
      "text/plain": [
       "         Energy   Predicted    Amount  Distance\n",
       "Station                                        \n",
       "CS_1         49   52.891820  3.891820        50\n",
       "CS_2         81   85.394449  4.394449        53\n",
       "CS_3        113  117.727388  4.727388        58\n",
       "CS_13       115  119.744932  4.744932        49\n",
       "CS_4        118  122.770685  4.770685        59\n",
       "CS_8        121  125.795791  4.795791        46\n",
       "CS_7        138  142.927254  4.927254        44\n",
       "CS_6        143  147.962845  4.962845        79\n",
       "CS_5        155  160.043425  5.043425        57\n",
       "CS_10       156  161.049856  5.049856        21\n",
       "CS_9        170  175.135798  5.135798        30\n",
       "CS_12       172  177.147494  5.147494        54\n",
       "CS_14       263  268.572154  5.572154        57"
      ]
     },
     "execution_count": 8,
     "metadata": {},
     "output_type": "execute_result"
    }
   ],
   "source": [
    "dff.sort_values(\"Amount\", axis = 0, ascending = True, inplace = True)\n",
    "dff"
   ]
  },
  {
   "cell_type": "code",
   "execution_count": 9,
   "metadata": {},
   "outputs": [
    {
     "data": {
      "text/html": [
       "<div>\n",
       "<style scoped>\n",
       "    .dataframe tbody tr th:only-of-type {\n",
       "        vertical-align: middle;\n",
       "    }\n",
       "\n",
       "    .dataframe tbody tr th {\n",
       "        vertical-align: top;\n",
       "    }\n",
       "\n",
       "    .dataframe thead th {\n",
       "        text-align: right;\n",
       "    }\n",
       "</style>\n",
       "<table border=\"1\" class=\"dataframe\">\n",
       "  <thead>\n",
       "    <tr style=\"text-align: right;\">\n",
       "      <th></th>\n",
       "      <th>Station</th>\n",
       "      <th>Energy</th>\n",
       "      <th>Predicted</th>\n",
       "      <th>Amount</th>\n",
       "      <th>Distance</th>\n",
       "    </tr>\n",
       "  </thead>\n",
       "  <tbody>\n",
       "    <tr>\n",
       "      <td>0</td>\n",
       "      <td>CS_10</td>\n",
       "      <td>156</td>\n",
       "      <td>161.049856</td>\n",
       "      <td>5.049856</td>\n",
       "      <td>21</td>\n",
       "    </tr>\n",
       "    <tr>\n",
       "      <td>1</td>\n",
       "      <td>CS_9</td>\n",
       "      <td>170</td>\n",
       "      <td>175.135798</td>\n",
       "      <td>5.135798</td>\n",
       "      <td>30</td>\n",
       "    </tr>\n",
       "    <tr>\n",
       "      <td>2</td>\n",
       "      <td>CS_7</td>\n",
       "      <td>138</td>\n",
       "      <td>142.927254</td>\n",
       "      <td>4.927254</td>\n",
       "      <td>44</td>\n",
       "    </tr>\n",
       "    <tr>\n",
       "      <td>3</td>\n",
       "      <td>CS_8</td>\n",
       "      <td>121</td>\n",
       "      <td>125.795791</td>\n",
       "      <td>4.795791</td>\n",
       "      <td>46</td>\n",
       "    </tr>\n",
       "    <tr>\n",
       "      <td>4</td>\n",
       "      <td>CS_13</td>\n",
       "      <td>115</td>\n",
       "      <td>119.744932</td>\n",
       "      <td>4.744932</td>\n",
       "      <td>49</td>\n",
       "    </tr>\n",
       "    <tr>\n",
       "      <td>5</td>\n",
       "      <td>CS_1</td>\n",
       "      <td>49</td>\n",
       "      <td>52.891820</td>\n",
       "      <td>3.891820</td>\n",
       "      <td>50</td>\n",
       "    </tr>\n",
       "    <tr>\n",
       "      <td>6</td>\n",
       "      <td>CS_2</td>\n",
       "      <td>81</td>\n",
       "      <td>85.394449</td>\n",
       "      <td>4.394449</td>\n",
       "      <td>53</td>\n",
       "    </tr>\n",
       "    <tr>\n",
       "      <td>7</td>\n",
       "      <td>CS_12</td>\n",
       "      <td>172</td>\n",
       "      <td>177.147494</td>\n",
       "      <td>5.147494</td>\n",
       "      <td>54</td>\n",
       "    </tr>\n",
       "    <tr>\n",
       "      <td>8</td>\n",
       "      <td>CS_5</td>\n",
       "      <td>155</td>\n",
       "      <td>160.043425</td>\n",
       "      <td>5.043425</td>\n",
       "      <td>57</td>\n",
       "    </tr>\n",
       "    <tr>\n",
       "      <td>9</td>\n",
       "      <td>CS_14</td>\n",
       "      <td>263</td>\n",
       "      <td>268.572154</td>\n",
       "      <td>5.572154</td>\n",
       "      <td>57</td>\n",
       "    </tr>\n",
       "    <tr>\n",
       "      <td>10</td>\n",
       "      <td>CS_3</td>\n",
       "      <td>113</td>\n",
       "      <td>117.727388</td>\n",
       "      <td>4.727388</td>\n",
       "      <td>58</td>\n",
       "    </tr>\n",
       "    <tr>\n",
       "      <td>11</td>\n",
       "      <td>CS_4</td>\n",
       "      <td>118</td>\n",
       "      <td>122.770685</td>\n",
       "      <td>4.770685</td>\n",
       "      <td>59</td>\n",
       "    </tr>\n",
       "    <tr>\n",
       "      <td>12</td>\n",
       "      <td>CS_6</td>\n",
       "      <td>143</td>\n",
       "      <td>147.962845</td>\n",
       "      <td>4.962845</td>\n",
       "      <td>79</td>\n",
       "    </tr>\n",
       "  </tbody>\n",
       "</table>\n",
       "</div>"
      ],
      "text/plain": [
       "   Station  Energy   Predicted    Amount  Distance\n",
       "0    CS_10     156  161.049856  5.049856        21\n",
       "1     CS_9     170  175.135798  5.135798        30\n",
       "2     CS_7     138  142.927254  4.927254        44\n",
       "3     CS_8     121  125.795791  4.795791        46\n",
       "4    CS_13     115  119.744932  4.744932        49\n",
       "5     CS_1      49   52.891820  3.891820        50\n",
       "6     CS_2      81   85.394449  4.394449        53\n",
       "7    CS_12     172  177.147494  5.147494        54\n",
       "8     CS_5     155  160.043425  5.043425        57\n",
       "9    CS_14     263  268.572154  5.572154        57\n",
       "10    CS_3     113  117.727388  4.727388        58\n",
       "11    CS_4     118  122.770685  4.770685        59\n",
       "12    CS_6     143  147.962845  4.962845        79"
      ]
     },
     "execution_count": 9,
     "metadata": {},
     "output_type": "execute_result"
    }
   ],
   "source": [
    "dff.sort_values(\"Distance\", axis = 0, ascending = True, inplace = True)\n",
    "dff = dff.reset_index()\n",
    "dff"
   ]
  },
  {
   "cell_type": "code",
   "execution_count": 10,
   "metadata": {},
   "outputs": [
    {
     "data": {
      "text/plain": [
       "'CS_10'"
      ]
     },
     "execution_count": 10,
     "metadata": {},
     "output_type": "execute_result"
    }
   ],
   "source": [
    "station = dff.at[0,'Station']\n",
    "station"
   ]
  },
  {
   "cell_type": "code",
   "execution_count": 11,
   "metadata": {},
   "outputs": [
    {
     "data": {
      "text/html": [
       "<div>\n",
       "<style scoped>\n",
       "    .dataframe tbody tr th:only-of-type {\n",
       "        vertical-align: middle;\n",
       "    }\n",
       "\n",
       "    .dataframe tbody tr th {\n",
       "        vertical-align: top;\n",
       "    }\n",
       "\n",
       "    .dataframe thead th {\n",
       "        text-align: right;\n",
       "    }\n",
       "</style>\n",
       "<table border=\"1\" class=\"dataframe\">\n",
       "  <thead>\n",
       "    <tr style=\"text-align: right;\">\n",
       "      <th></th>\n",
       "      <th>Req Cs</th>\n",
       "      <th>From CS</th>\n",
       "    </tr>\n",
       "    <tr>\n",
       "      <th>Time</th>\n",
       "      <th></th>\n",
       "      <th></th>\n",
       "    </tr>\n",
       "  </thead>\n",
       "  <tbody>\n",
       "    <tr>\n",
       "      <td>12</td>\n",
       "      <td>CS_11</td>\n",
       "      <td>CS_10</td>\n",
       "    </tr>\n",
       "  </tbody>\n",
       "</table>\n",
       "</div>"
      ],
      "text/plain": [
       "     Req Cs From CS\n",
       "Time               \n",
       "12    CS_11   CS_10"
      ]
     },
     "execution_count": 11,
     "metadata": {},
     "output_type": "execute_result"
    }
   ],
   "source": [
    "log = {'Time':[time],'Req Cs':[reqcs],'From CS':[station]}\n",
    "logdf = pd.DataFrame(log)\n",
    "logdf.set_index('Time', inplace=True)\n",
    "logdf"
   ]
  },
  {
   "cell_type": "code",
   "execution_count": 12,
   "metadata": {},
   "outputs": [],
   "source": [
    "logdf.to_csv('log.csv', mode='a', header=False)"
   ]
  }
 ],
 "metadata": {
  "kernelspec": {
   "display_name": "Python 3",
   "language": "python",
   "name": "python3"
  },
  "language_info": {
   "codemirror_mode": {
    "name": "ipython",
    "version": 3
   },
   "file_extension": ".py",
   "mimetype": "text/x-python",
   "name": "python",
   "nbconvert_exporter": "python",
   "pygments_lexer": "ipython3",
   "version": "3.7.4"
  }
 },
 "nbformat": 4,
 "nbformat_minor": 4
}
